2018 2026 2030 2037 2046 2054 2060 2073 2080 2083 2086 2086 2087 2087 2085 2082 2078 2071 2068 2062 2060 2060 2059 2058 2057 2056 2044 2040 2040 2041 2046 2048 2050 2049 2043 2036 2026 2020 2015 2010 2002 1995 1995 1996 1994 1994 1995 1996 1996 2003 2006 2007 2005 
2016 2022 2026 2036 2045 2055 2062 2074 2079 2085 2090 2095 2094 2091 2087 2084 2080 2076 2070 2065 2062 2060 2058 2056 2054 2051 2042 2040 2040 2042 2049 2050 2050 2049 2043 2036 2032 2023 2019 2015 2004 1999 1998 1999 2001 2003 2003 2003 2001 2006 2009 2010 2009 
2016 2021 2026 2037 2045 2057 2064 2077 2082 2090 2099 2103 2098 2095 2093 2088 2086 2083 2079 2076 2071 2060 2058 2055 2052 2049 2041 2040 2040 2042 2045 2044 2044 2042 2038 2034 2032 2025 2019 2016 2007 2003 2002 2002 2006 2009 2009 2008 2006 2008 2011 2011 2009 
2015 2021 2025 2034 2041 2054 2064 2077 2085 2094 2102 2104 2102 2101 2099 2097 2090 2083 2083 2080 2076 2062 2058 2055 2053 2051 2043 2039 2039 2040 2040 2037 2036 2034 2031 2030 2028 2027 2021 2016 2009 2007 2007 2007 2010 2012 2014 2015 2014 2011 2011 2012 2009 
2008 2012 2017 2027 2032 2049 2060 2068 2081 2091 2099 2102 2104 2104 2100 2099 2093 2083 2081 2079 2077 2066 2059 2057 2056 2054 2045 2039 2038 2038 2036 2031 2029 2029 2027 2024 2023 2026 2021 2017 2010 2009 2012 2012 2013 2015 2019 2020 2018 2014 2014 2013 2009 
2001 2003 2006 2019 2024 2042 2053 2061 2074 2083 2088 2093 2098 2098 2096 2093 2089 2082 2079 2078 2075 2066 2060 2057 2056 2055 2045 2040 2037 2035 2032 2026 2023 2024 2024 2023 2020 2022 2020 2018 2015 2015 2016 2016 2017 2018 2020 2020 2018 2017 2017 2015 2011 
2001 2003 2006 2007 2014 2030 2038 2048 2063 2070 2078 2080 2085 2087 2086 2085 2083 2078 2077 2075 2070 2062 2057 2053 2050 2049 2042 2040 2037 2032 2027 2022 2019 2018 2020 2021 2020 2020 2022 2022 2021 2019 2017 2016 2016 2017 2017 2016 2014 2015 2016 2015 2010 
2001 2000 2000 2007 2014 2018 2025 2036 2056 2060 2065 2067 2071 2073 2074 2074 2072 2072 2073 2069 2064 2060 2050 2044 2042 2038 2035 2036 2034 2030 2026 2022 2018 2017 2019 2019 2016 2019 2021 2022 2019 2016 2013 2012 2013 2015 2015 2013 2011 2012 2014 2012 2010 
2000 1997 1994 1999 2006 2018 2025 2027 2047 2052 2055 2057 2058 2059 2060 2063 2062 2065 2065 2061 2056 2050 2041 2036 2033 2031 2029 2030 2030 2028 2026 2020 2018 2018 2019 2019 2017 2015 2015 2016 2011 2009 2009 2009 2012 2014 2013 2011 2011 2014 2014 2014 2012 
1997 1996 1997 2001 2005 2011 2017 2027 2047 2052 2044 2046 2051 2050 2049 2052 2053 2057 2055 2051 2045 2041 2033 2028 2026 2024 2025 2027 2027 2024 2023 2016 2015 2016 2017 2020 2019 2010 2011 2009 2005 2005 2008 2011 2014 2018 2013 2012 2011 2015 2016 2016 2014 
1997 2001 2002 2003 2005 2009 2011 2016 2032 2040 2044 2046 2051 2050 2043 2046 2047 2049 2048 2042 2035 2032 2027 2022 2019 2018 2022 2024 2022 2020 2018 2013 2011 2013 2015 2016 2023 2016 2010 2007 2002 2005 2009 2014 2018 2024 2021 2014 2013 2010 2012 2015 2016 
1995 2001 2002 2001 2001 2005 2007 2010 2023 2032 2038 2040 2045 2045 2043 2046 2047 2039 2035 2029 2026 2026 2021 2015 2013 2014 2018 2021 2019 2017 2015 2008 2008 2010 2012 2015 2022 2021 2016 2009 2003 2005 2012 2020 2023 2029 2027 2023 2019 2015 2015 2018 2017 
1990 1995 2002 1996 1998 2002 2005 2009 2022 2030 2035 2037 2038 2042 2042 2042 2041 2039 2035 2029 2026 2018 2015 2010 2010 2009 2009 2012 2016 2015 2013 2007 2007 2007 2009 2011 2017 2023 2018 2012 2005 2007 2016 2023 2026 2031 2029 2027 2025 2023 2021 2022 2022 
1986 1990 1993 1993 1995 2001 2007 2011 2022 2027 2032 2034 2036 2035 2034 2034 2034 2027 2024 2020 2017 2018 2015 2010 2008 2005 2002 2005 2010 2012 2010 2004 2006 2006 2008 2011 2016 2018 2015 2014 2007 2010 2016 2022 2026 2030 2028 2026 2027 2028 2025 2025 2027 
1977 1981 1986 1991 1993 2002 2005 2010 2020 2023 2024 2027 2029 2024 2022 2022 2024 2019 2016 2013 2010 2010 2011 2010 2008 2005 2002 2005 2005 2007 2004 2002 2006 2007 2009 2015 2022 2017 2018 2017 2011 2009 2016 2021 2022 2026 2025 2024 2025 2027 2027 2027 2027 
1973 1975 1980 1987 1990 1998 2002 2006 2016 2016 2017 2016 2019 2017 2015 2017 2016 2012 2010 2007 2005 2005 2005 2004 2002 1999 1999 2003 2005 2007 2004 2006 2009 2010 2012 2018 2026 2023 2023 2022 2018 2019 2019 2022 2021 2023 2022 2023 2024 2026 2027 2027 2025 
1966 1970 1973 1978 1983 1994 1998 2001 2007 2008 2008 2009 2010 2012 2012 2011 2009 2004 2002 1999 1998 1998 1995 1993 1993 1994 1995 1998 2001 2002 2003 2006 2009 2010 2017 2020 2027 2027 2027 2026 2027 2028 2028 2026 2024 2025 2023 2022 2023 2024 2027 2027 2024 
1957 1963 1968 1970 1975 1988 1992 1992 1996 1998 1998 1999 2002 2006 2006 2005 2001 1996 1995 1994 1992 1990 1987 1987 1988 1990 1993 1997 2000 2004 2007 2013 2013 2013 2017 2020 2027 2026 2026 2026 2028 2033 2032 2029 2027 2025 2024 2021 2020 2023 2028 2026 2022 
1954 1961 1963 1966 1970 1978 1982 1982 1986 1988 1988 1990 1993 1998 2000 2002 2000 1996 1991 1988 1986 1985 1985 1988 1989 1990 1993 2002 2005 2008 2009 2010 2014 2017 2019 2022 2025 2026 2025 2025 2027 2034 2034 2030 2028 2024 2023 2021 2019 2021 2026 2024 2017 
1957 1963 1969 1971 1974 1974 1977 1979 1979 1980 1981 1982 1983 1990 1993 1997 1998 1995 1989 1984 1981 1980 1984 1988 1990 1993 1996 2004 2007 2008 2009 2011 2014 2019 2023 2023 2024 2025 2025 2025 2027 2035 2035 2033 2029 2024 2023 2022 2021 2021 2023 2020 2013 
1957 1965 1971 1974 1974 1974 1976 1977 1976 1975 1975 1976 1978 1984 1989 1991 1992 1992 1985 1982 1979 1976 1985 1988 1992 1996 2001 2006 2008 2009 2009 2012 2016 2020 2024 2026 2026 2024 2024 2025 2028 2035 2035 2033 2029 2023 2022 2022 2021 2022 2019 2013 2009 
1955 1961 1967 1971 1974 1973 1973 1972 1970 1972 1971 1972 1972 1978 1982 1983 1984 1985 1981 1979 1978 1978 1985 1989 1993 2000 2004 2007 2008 2008 2008 2012 2016 2018 2023 2026 2027 2025 2024 2025 2028 2032 2033 2033 2031 2023 2022 2022 2022 2022 2017 2011 2007 
1955 1960 1964 1968 1970 1971 1970 1968 1965 1966 1966 1965 1964 1969 1972 1975 1976 1978 1976 1975 1976 1978 1984 1988 1994 1999 2003 2005 2005 2005 2006 2012 2015 2018 2020 2023 2027 2028 2028 2028 2028 2029 2029 2029 2028 2024 2023 2022 2022 2022 2017 2011 2006 
1952 1957 1961 1965 1967 1965 1968 1963 1961 1959 1958 1956 1956 1958 1963 1967 1971 1970 1971 1972 1973 1976 1982 1986 1992 1997 1999 2003 2004 2004 2005 2009 2017 2020 2021 2021 2026 2029 2030 2030 2029 2026 2026 2025 2025 2024 2023 2022 2020 2020 2015 2011 2006 
1948 1952 1958 1962 1961 1958 1962 1957 1951 1951 1948 1948 1946 1953 1957 1962 1966 1969 1969 1970 1970 1971 1978 1984 1989 1993 1998 2005 2007 2007 2009 2011 2018 2020 2021 2021 2025 2029 2031 2031 2030 2026 2025 2025 2024 2023 2022 2020 2020 2019 2012 2008 2004 
1945 1949 1953 1957 1954 1949 1952 1946 1941 1941 1941 1942 1942 1953 1956 1960 1965 1968 1970 1969 1968 1969 1978 1982 1987 1992 2000 2006 2007 2008 2008 2008 2017 2020 2021 2020 2025 2029 2031 2032 2032 2028 2027 2026 2026 2022 2019 2018 2017 2016 2010 2006 2003 
1938 1944 1949 1951 1947 1941 1944 1940 1935 1933 1933 1935 1936 1948 1953 1958 1962 1965 1967 1967 1966 1968 1978 1981 1985 1992 1998 2004 2005 2005 2005 2007 2014 2018 2020 2021 2027 2029 2032 2033 2033 2028 2027 2027 2026 2024 2017 2015 2013 2012 2009 2006 2003 
1933 1938 1943 1945 1940 1934 1938 1936 1933 1925 1926 1928 1930 1942 1947 1952 1956 1958 1962 1962 1963 1966 1975 1977 1982 1986 1992 2001 2005 2008 2009 2010 2014 2016 2018 2022 2027 2030 2032 2033 2031 2029 2028 2028 2026 2024 2017 2014 2012 2010 2009 2009 2007 
1935 1938 1938 1935 1930 1925 1929 1926 1920 1922 1925 1927 1936 1940 1940 1943 1949 1952 1954 1954 1955 1958 1964 1973 1978 1983 1988 1999 2007 2010 2012 2012 2015 2015 2015 2019 2025 2029 2031 2031 2031 2032 2031 2028 2026 2024 2018 2014 2012 2011 2009 2010 2011 
1933 1933 1931 1929 1927 1921 1921 1921 1921 1923 1924 1927 1931 1934 1936 1941 1946 1948 1946 1945 1950 1956 1971 1979 1983 1985 1991 1998 2004 2004 2007 2009 2012 2014 2015 2018 2024 2027 2028 2029 2031 2033 2032 2029 2027 2025 2019 2015 2012 2012 2011 2013 2014 
1925 1926 1924 1923 1920 1917 1918 1918 1923 1925 1926 1928 1934 1933 1935 1939 1943 1948 1946 1944 1945 1951 1971 1978 1981 1981 1982 1987 1994 1998 2003 2008 2011 2015 2018 2024 2025 2026 2028 2031 2034 2033 2030 2030 2027 2026 2019 2017 2015 2013 2014 2016 2016 
1915 1916 1916 1915 1913 1909 1914 1915 1922 1925 1927 1929 1934 1933 1933 1938 1942 1947 1945 1943 1943 1947 1966 1973 1975 1977 1977 1980 1987 1992 1996 2004 2008 2014 2019 2020 2022 2027 2029 2032 2034 2034 2032 2029 2025 2020 2019 2018 2018 2018 2019 2018 2016 
1908 1909 1910 1907 1905 1904 1909 1909 1915 1920 1923 1924 1925 1927 1924 1926 1934 1941 1941 1940 1941 1945 1954 1960 1965 1968 1974 1977 1983 1986 1990 1995 1998 2006 2012 2015 2017 2020 2027 2029 2033 2033 2030 2027 2024 2020 2019 2021 2022 2023 2022 2019 2016 
1905 1905 1904 1900 1899 1900 1905 1905 1909 1912 1913 1913 1911 1915 1915 1916 1922 1934 1936 1934 1935 1939 1943 1949 1954 1958 1969 1974 1976 1978 1980 1986 1988 1994 2002 2006 2012 2015 2023 2027 2030 2029 2026 2023 2021 2018 2020 2021 2024 2025 2022 2021 2020 
1897 1897 1897 1895 1895 1896 1903 1903 1901 1902 1903 1901 1902 1905 1905 1910 1914 1925 1930 1930 1927 1932 1938 1940 1944 1949 1964 1969 1971 1972 1973 1979 1982 1986 1990 1996 2005 2009 2020 2023 2024 2021 2018 2016 2016 2016 2019 2022 2024 2026 2023 2024 2023 
1888 1887 1888 1886 1887 1889 1899 1901 1893 1892 1892 1892 1892 1895 1898 1903 1913 1921 1923 1924 1925 1928 1932 1934 1939 1946 1960 1964 1965 1966 1967 1973 1974 1979 1983 1987 1998 2003 2014 2017 2016 2012 2011 2011 2012 2015 2018 2021 2024 2025 2024 2025 2024 
1880 1881 1881 1877 1879 1881 1892 1892 1884 1883 1882 1882 1883 1889 1892 1896 1903 1912 1913 1915 1920 1923 1928 1930 1935 1943 1950 1959 1959 1959 1961 1965 1968 1974 1979 1981 1990 1997 2008 2011 2008 2006 2006 2007 2009 2015 2017 2019 2022 2024 2025 2024 2022 
1876 1876 1876 1874 1873 1873 1879 1878 1876 1875 1876 1876 1877 1880 1884 1888 1891 1900 1903 1907 1912 1917 1926 1928 1931 1937 1944 1952 1953 1953 1952 1957 1962 1970 1974 1975 1984 1989 2001 2002 2000 2000 2003 2005 2006 2016 2017 2017 2018 2022 2020 2020 2017 
1870 1871 1871 1869 1867 1867 1870 1868 1866 1867 1867 1869 1869 1869 1871 1876 1881 1888 1891 1898 1904 1911 1923 1926 1931 1937 1941 1945 1945 1946 1947 1951 1953 1961 1968 1970 1975 1979 1992 1994 1996 1998 2001 2005 2007 2016 2017 2014 2015 2015 2014 2014 2013 
1861 1860 1862 1861 1862 1860 1864 1860 1856 1855 1856 1859 1859 1857 1860 1866 1871 1874 1879 1886 1892 1899 1909 1916 1924 1930 1933 1936 1937 1940 1942 1941 1941 1947 1956 1959 1965 1971 1983 1986 1989 1991 1996 2001 2003 2010 2011 2010 2009 2009 2006 2007 2008 
1855 1852 1855 1855 1855 1854 1857 1855 1851 1848 1849 1850 1851 1851 1854 1859 1860 1862 1868 1876 1880 1887 1898 1902 1910 1915 1916 1925 1927 1928 1930 1930 1932 1936 1943 1949 1958 1963 1975 1976 1976 1978 1982 1986 1992 1998 2000 2001 2000 2000 2000 1998 1999 
1855 1852 1852 1851 1851 1852 1853 1852 1844 1842 1842 1842 1842 1843 1847 1850 1849 1848 1853 1859 1866 1871 1883 1891 1895 1897 1898 1910 1916 1917 1919 1920 1921 1926 1931 1936 1950 1951 1965 1966 1965 1967 1969 1975 1980 1987 1990 1992 1991 1992 1993 1991 1989 
1853 1852 1852 1851 1851 1850 1852 1851 1840 1838 1836 1834 1834 1835 1837 1838 1836 1836 1839 1845 1851 1858 1869 1878 1883 1882 1882 1891 1899 1907 1910 1911 1913 1917 1921 1926 1940 1941 1954 1955 1956 1959 1962 1966 1971 1977 1980 1981 1981 1982 1984 1981 1980 
1851 1847 1846 1845 1847 1850 1850 1848 1838 1836 1834 1831 1831 1828 1828 1828 1828 1828 1833 1836 1843 1850 1861 1866 1870 1872 1872 1874 1882 1895 1900 1904 1909 1913 1916 1919 1932 1934 1942 1945 1947 1952 1952 1955 1961 1969 1968 1968 1968 1967 1969 1969 1968 
1847 1841 1838 1837 1837 1840 1850 1848 1838 1834 1832 1828 1824 1821 1821 1820 1818 1819 1826 1830 1835 1842 1853 1856 1859 1862 1863 1863 1871 1877 1886 1892 1903 1908 1911 1912 1920 1922 1933 1934 1937 1939 1941 1945 1950 1957 1958 1955 1954 1955 1955 1955 1953 
1843 1837 1832 1828 1827 1827 1842 1840 1834 1834 1832 1828 1817 1814 1813 1811 1811 1811 1815 1819 1827 1833 1843 1846 1850 1851 1852 1854 1857 1864 1875 1884 1895 1902 1905 1908 1913 1914 1922 1923 1925 1930 1932 1935 1940 1948 1947 1944 1945 1946 1946 1946 1944 
1840 1833 1826 1822 1819 1817 1829 1830 1831 1830 1826 1821 1817 1814 1813 1811 1802 1806 1810 1812 1816 1821 1829 1832 1835 1836 1831 1838 1851 1857 1866 1877 1889 1892 1898 1902 1908 1911 1915 1916 1917 1923 1926 1928 1931 1935 1934 1932 1936 1938 1940 1943 1940 
