-9999 -9999 -9999 -9999 -9999 -9999 -9999 -9999 -9999 -9999 -9999 -9999 -9999 -9999 -9999 -9999 -9999 -9999 -9999 -9999 -9999 -9999 -9999 -9999 -9999 -9999 -9999 -9999 -9999 -9999 -9999 -9999 -9999 6560 -9999 -9999 -9999 -9999 -9999 -9999 -9999 -9999 -9999 -9999 -9999 -9999 -9999 -9999 -9999 -9999 -9999 -9999 -9999 
-9999 -9999 -9999 -9999 -9999 -9999 -9999 -9999 -9999 -9999 -9999 -9999 -9999 -9999 -9999 -9999 -9999 -9999 -9999 -9999 -9999 -9999 -9999 -9999 -9999 -9999 -9999 -9999 -9999 -9999 -9999 -9999 6665 6666 6667 -9999 -9999 -9999 -9999 -9999 -9999 -9999 -9999 -9999 -9999 -9999 -9999 -9999 -9999 -9999 -9999 -9999 -9999 
-9999 -9999 -9999 -9999 -9999 -9999 -9999 -9999 -9999 -9999 -9999 -9999 -9999 -9999 -9999 -9999 -9999 -9999 -9999 -9999 -9999 -9999 -9999 -9999 -9999 -9999 -9999 -9999 -9999 -9999 6768 6768 6769 6770 6771 6771 6772 6773 -9999 -9999 -9999 -9999 -9999 -9999 -9999 -9999 -9999 -9999 -9999 -9999 -9999 -9999 -9999 
-9999 -9999 -9999 -9999 -9999 -9999 -9999 -9999 -9999 -9999 -9999 -9999 -9999 -9999 -9999 -9999 -9999 -9999 -9999 -9999 -9999 -9999 -9999 -9999 -9999 -9999 -9999 -9999 -9999 6873 6874 6875 6876 6877 6878 6879 6880 6881 6882 -9999 -9999 -9999 -9999 -9999 -9999 -9999 -9999 -9999 -9999 -9999 -9999 -9999 -9999 
-9999 -9999 -9999 -9999 -9999 -9999 -9999 -9999 -9999 -9999 -9999 -9999 -9999 6972 6973 6974 6975 6976 6977 6977 6978 -9999 6980 6981 6982 6871 6983 6873 6984 6985 6985 6986 6987 6988 6989 6990 6991 6992 6993 -9999 -9999 -9999 -9999 -9999 -9999 -9999 -9999 -9999 -9999 -9999 -9999 -9999 -9999 
-9999 -9999 -9999 -9999 -9999 -9999 -9999 -9999 -9999 -9999 -9999 -9999 7079 7080 7081 7082 7083 7084 7084 7085 7086 6979 7087 6981 7088 7089 7090 7091 7092 7093 7093 7094 7095 7096 7097 7098 7099 7100 7100 -9999 -9999 -9999 -9999 -9999 -9999 -9999 -9999 -9999 -9999 -9999 -9999 -9999 -9999 
-9999 -9999 -9999 -9999 -9999 -9999 -9999 -9999 -9999 -9999 -9999 -9999 7192 7193 7193 7194 7195 7196 7084 7197 7198 7199 7200 7201 7202 7203 7204 7205 7206 7207 7208 7209 7210 7211 7212 7212 7213 7214 7215 7100 -9999 -9999 -9999 -9999 -9999 -9999 -9999 -9999 -9999 -9999 -9999 -9999 -9999 
-9999 -9999 -9999 -9999 -9999 -9999 -9999 -9999 -9999 -9999 -9999 7304 7305 7306 7307 7308 7309 7310 7084 7197 7311 7312 7313 7314 7315 7316 7317 7318 7206 7319 7320 7321 7322 7323 7324 7325 7325 7214 7215 7326 -9999 7328 -9999 7330 -9999 -9999 -9999 -9999 -9999 -9999 -9999 -9999 -9999 
-9999 -9999 -9999 -9999 -9999 -9999 -9999 -9999 -9999 -9999 -9999 -9999 7412 7413 7414 7415 7416 7417 7418 7419 7420 7421 7422 7423 7424 7425 7426 7206 7206 7427 7428 7429 7430 7431 7432 7433 7434 7435 7436 7437 7437 7438 7439 7440 -9999 -9999 -9999 -9999 -9999 -9999 -9999 -9999 -9999 
-9999 -9999 -9999 -9999 -9999 -9999 -9999 -9999 -9999 -9999 -9999 7517 7518 7518 7519 7520 7521 7522 7523 7524 7525 7526 7527 7528 7529 7530 7531 7531 7532 7533 7534 7535 7536 7537 7432 7538 7436 7436 7436 7436 7539 7540 7541 7542 -9999 -9999 -9999 -9999 -9999 -9999 -9999 -9999 -9999 
-9999 -9999 -9999 -9999 -9999 -9999 -9999 -9999 -9999 -9999 7622 7623 7624 7625 7625 7626 7627 7628 7629 7630 7631 7632 7633 7634 7635 7636 7637 7638 7639 7640 7641 7642 7643 7643 7644 7538 7436 7645 7646 7646 7647 7648 7649 7650 7651 7652 -9999 -9999 -9999 -9999 -9999 -9999 -9999 
-9999 -9999 -9999 -9999 -9999 -9999 -9999 -9999 -9999 7731 7732 7733 7734 7735 7735 7736 7737 7737 7738 7739 7740 7741 7742 7743 7744 7745 7746 7747 7748 7749 7750 7751 7752 7753 7754 7755 7756 7757 7758 7759 7759 7760 7761 7762 7763 7764 -9999 -9999 -9999 -9999 -9999 -9999 -9999 
-9999 -9999 -9999 -9999 -9999 -9999 -9999 -9999 7842 7843 7844 7844 7845 7846 7847 7848 7848 7849 7850 7850 7851 7852 7853 7854 7854 7854 7855 7856 7857 7858 7859 7860 7861 7862 7754 7863 7863 7863 7863 7864 7864 7864 7865 7866 7867 7868 7869 -9999 7871 -9999 -9999 -9999 -9999 
-9999 -9999 -9999 -9999 -9999 -9999 -9999 -9999 7945 7946 7947 7948 7949 7950 7951 7952 7953 7954 7955 7956 7957 7958 7959 7960 7960 7960 7961 7962 7963 7858 7964 7965 7966 7967 7968 7969 7970 7971 7863 7972 7972 7973 7974 7975 7976 7977 7978 7979 7871 -9999 -9999 -9999 -9999 
-9999 -9999 -9999 -9999 -9999 -9999 -9999 8057 8058 8059 8060 8061 8062 8063 8064 8065 8066 8067 8067 8067 8068 8069 8070 8070 8070 8071 8072 8073 8074 8075 7964 8076 8077 8078 8079 8080 8081 8082 8082 8083 7973 7973 7974 8084 8085 7977 8086 8087 8088 7980 8089 8090 -9999 
-9999 -9999 -9999 -9999 -9999 -9999 -9999 -9999 8168 8168 8169 8169 8169 8170 8171 8172 8173 8174 8174 8174 8175 8176 8177 8177 8178 8179 8180 8181 8182 8183 8184 8185 8186 8187 8188 8189 8190 8191 8192 8193 7973 8194 8195 8195 8196 8197 8197 8087 8088 7980 8089 8198 8091 
-9999 -9999 -9999 -9999 -9999 -9999 -9999 8166 8275 8276 8277 8278 8279 8280 8281 8282 8283 8284 8284 8285 8286 8287 8288 8289 8290 8291 8180 8292 8293 8293 8294 8295 8296 8297 8298 8299 8300 8191 8192 8301 8302 8303 8304 8305 8306 8307 8197 8087 8088 8308 8309 8310 -9999 
-9999 -9999 -9999 -9999 -9999 -9999 -9999 -9999 8388 8389 8390 8391 8392 8393 8394 8394 8395 8396 8397 8398 8399 8400 8401 8402 8403 8404 8405 8405 8293 8406 8406 8407 8408 8409 8410 8411 8412 8413 8414 8415 8416 8417 8418 8419 8420 8420 8421 8422 8423 8424 -9999 -9999 -9999 
-9999 -9999 -9999 -9999 -9999 -9999 -9999 8499 8500 8501 8501 8502 8503 8504 8505 8505 8506 8507 8508 8509 8510 8511 8512 8513 8514 8404 8515 8516 8517 8518 8519 8519 8520 8521 8522 8522 8523 8413 8524 8525 8525 8526 8527 8528 8529 8421 8421 8530 8531 8532 -9999 -9999 -9999 
-9999 -9999 -9999 -9999 -9999 -9999 8612 8613 8614 8615 8616 8617 8618 8619 8620 8505 8621 8622 8623 8624 8625 8625 8626 8627 8628 8629 8629 8630 8631 8631 8632 8633 8634 8522 8522 8635 8636 8636 8637 8638 8639 8640 8641 8642 8643 8644 8644 8530 8645 8646 -9999 -9999 -9999 
-9999 -9999 -9999 -9999 8714 8715 8716 8717 8718 8719 8720 8721 8722 8723 8724 8725 8726 8726 8727 8728 8729 8730 8731 8732 8733 8734 8735 8736 8737 8738 8739 8740 8741 8742 8743 8744 8745 8745 8746 8747 8748 8749 8750 8751 8752 8753 8754 8530 8755 8646 -9999 -9999 -9999 
-9999 -9999 8818 8713 8819 8820 8821 8822 8823 8824 8825 8826 8827 8828 8829 8829 8830 8831 8832 8833 8834 8730 8835 8836 8837 8838 8735 8839 8840 8841 8842 8843 8844 8845 8846 8847 8848 8849 8850 8851 8852 8853 8750 8854 -9999 -9999 8857 8530 8755 -9999 -9999 -9999 -9999 
-9999 -9999 8920 8921 8922 8923 8924 8925 8926 8927 8928 8929 8930 8931 8932 8933 8934 8935 8936 8937 8938 8939 8940 8836 8941 8942 8735 8943 8944 8841 8841 8841 8945 8946 8947 8948 8949 8950 8951 8952 8952 -9999 -9999 -9999 -9999 -9999 -9999 8958 -9999 -9999 -9999 -9999 -9999 
-9999 9029 9030 9031 9032 9033 9034 9035 9036 9037 9037 9038 9039 9040 9041 9042 9043 9044 9045 9046 9047 9047 8940 9048 8941 9049 8735 9050 9051 9052 9053 8841 8945 9054 9055 9056 9057 9058 9059 -9999 -9999 -9999 -9999 -9999 -9999 -9999 -9999 -9999 -9999 -9999 -9999 -9999 -9999 
9132 9133 9134 9135 9136 9137 9138 9139 9140 9141 9141 9142 9143 9144 9145 9146 9147 9148 9149 9150 9151 9152 9153 9154 9155 9156 9157 9158 9158 9159 9160 -9999 -9999 -9999 -9999 9056 9165 -9999 -9999 -9999 -9999 -9999 -9999 -9999 -9999 -9999 -9999 -9999 -9999 -9999 -9999 -9999 -9999 
-9999 9235 9236 9237 9238 9239 9240 9241 9242 9243 9243 9244 9143 9245 9246 9247 9248 9249 9250 9251 9252 9253 9254 9255 9256 9257 9258 9259 9260 -9999 -9999 -9999 -9999 -9999 -9999 -9999 -9999 -9999 -9999 -9999 -9999 -9999 -9999 -9999 -9999 -9999 -9999 -9999 -9999 -9999 -9999 -9999 -9999 
-9999 9331 9332 9333 9334 9335 9336 9337 9338 9339 9243 9340 9341 9342 9343 9344 9345 9346 9347 9348 -9999 -9999 -9999 9255 -9999 -9999 -9999 9354 -9999 -9999 -9999 -9999 -9999 -9999 -9999 -9999 -9999 -9999 -9999 -9999 -9999 -9999 -9999 -9999 -9999 -9999 -9999 -9999 -9999 -9999 -9999 -9999 -9999 
-9999 9434 9435 9436 9437 9438 9439 9440 9441 9442 9443 9444 9445 9446 9343 9447 9448 9449 9450 -9999 -9999 -9999 -9999 -9999 -9999 -9999 -9999 -9999 -9999 -9999 -9999 -9999 -9999 -9999 -9999 -9999 -9999 -9999 -9999 -9999 -9999 -9999 -9999 -9999 -9999 -9999 -9999 -9999 -9999 -9999 -9999 -9999 -9999 
-9999 -9999 -9999 9533 9534 9535 9536 9537 9538 9539 9540 9541 9542 9543 9544 9545 9546 9547 9548 -9999 -9999 -9999 -9999 -9999 -9999 -9999 -9999 -9999 -9999 -9999 -9999 -9999 -9999 -9999 -9999 -9999 -9999 -9999 -9999 -9999 -9999 -9999 -9999 -9999 -9999 -9999 -9999 -9999 -9999 -9999 -9999 -9999 -9999 
-9999 -9999 -9999 9645 9646 9647 9648 9649 9538 9650 9651 9652 9653 9654 9655 9656 9657 9658 9658 -9999 -9999 -9999 -9999 -9999 -9999 -9999 -9999 -9999 -9999 -9999 -9999 -9999 -9999 -9999 -9999 -9999 -9999 -9999 -9999 -9999 -9999 -9999 -9999 -9999 -9999 -9999 -9999 -9999 -9999 -9999 -9999 -9999 -9999 
-9999 -9999 -9999 -9999 9758 9759 9760 9761 9762 9763 9764 9765 9766 9767 9768 9769 9770 9771 -9999 -9999 -9999 -9999 -9999 -9999 -9999 -9999 -9999 -9999 -9999 -9999 -9999 -9999 -9999 -9999 -9999 -9999 -9999 -9999 -9999 -9999 -9999 -9999 -9999 -9999 -9999 -9999 -9999 -9999 -9999 -9999 -9999 -9999 -9999 
-9999 -9999 -9999 -9999 -9999 9870 9871 9872 9873 9874 9875 9876 9876 9877 9878 9878 9879 9880 -9999 -9999 -9999 -9999 -9999 -9999 -9999 -9999 -9999 -9999 -9999 -9999 -9999 -9999 -9999 -9999 -9999 -9999 -9999 -9999 -9999 -9999 -9999 -9999 -9999 -9999 -9999 -9999 -9999 -9999 -9999 -9999 -9999 -9999 -9999 
-9999 -9999 -9999 -9999 -9999 -9999 9987 9988 9989 9990 9991 9992 9992 9992 9993 9994 9995 9996 -9999 -9999 -9999 -9999 -9999 -9999 -9999 -9999 -9999 -9999 -9999 -9999 -9999 -9999 -9999 -9999 -9999 -9999 -9999 -9999 -9999 -9999 -9999 -9999 -9999 -9999 -9999 -9999 -9999 -9999 -9999 -9999 -9999 -9999 -9999 
-9999 -9999 -9999 -9999 -9999 -9999 10096 10097 10098 10099 10100 10101 10101 10102 10103 10104 10105 -9999 -9999 -9999 -9999 -9999 -9999 -9999 -9999 -9999 -9999 -9999 -9999 -9999 -9999 -9999 -9999 -9999 -9999 -9999 -9999 -9999 -9999 -9999 -9999 -9999 -9999 -9999 -9999 -9999 -9999 -9999 -9999 -9999 -9999 -9999 -9999 
-9999 -9999 -9999 -9999 -9999 -9999 10214 10097 10215 10216 10216 10217 10218 10219 10220 -9999 -9999 -9999 -9999 -9999 -9999 -9999 -9999 -9999 -9999 -9999 -9999 -9999 -9999 -9999 -9999 -9999 -9999 -9999 -9999 -9999 -9999 -9999 -9999 -9999 -9999 -9999 -9999 -9999 -9999 -9999 -9999 -9999 -9999 -9999 -9999 -9999 -9999 
-9999 -9999 -9999 -9999 -9999 10328 10329 10329 10330 10331 10332 10333 10334 10335 10336 -9999 -9999 -9999 -9999 -9999 -9999 -9999 -9999 -9999 -9999 -9999 -9999 -9999 -9999 -9999 -9999 -9999 -9999 -9999 -9999 -9999 -9999 -9999 -9999 -9999 -9999 -9999 -9999 -9999 -9999 -9999 -9999 -9999 -9999 -9999 -9999 -9999 -9999 
-9999 -9999 -9999 -9999 -9999 10439 10439 10440 10441 10442 10443 10444 10445 10446 -9999 -9999 -9999 -9999 -9999 -9999 -9999 -9999 -9999 -9999 -9999 -9999 -9999 -9999 -9999 -9999 -9999 -9999 -9999 -9999 -9999 -9999 -9999 -9999 -9999 -9999 -9999 -9999 -9999 -9999 -9999 -9999 -9999 -9999 -9999 -9999 -9999 -9999 -9999 
-9999 -9999 -9999 -9999 -9999 10559 10559 10560 10561 10562 10563 10564 10565 -9999 -9999 -9999 -9999 -9999 -9999 -9999 -9999 -9999 -9999 -9999 -9999 -9999 -9999 -9999 -9999 -9999 -9999 -9999 -9999 -9999 -9999 -9999 -9999 -9999 -9999 -9999 -9999 -9999 -9999 -9999 -9999 -9999 -9999 -9999 -9999 -9999 -9999 -9999 -9999 
-9999 -9999 -9999 -9999 -9999 -9999 10680 10681 10682 10683 10683 10684 -9999 -9999 -9999 -9999 -9999 -9999 -9999 -9999 -9999 -9999 -9999 -9999 -9999 -9999 -9999 -9999 -9999 -9999 -9999 -9999 -9999 -9999 -9999 -9999 -9999 -9999 -9999 -9999 -9999 -9999 -9999 -9999 -9999 -9999 -9999 -9999 -9999 -9999 -9999 -9999 -9999 
-9999 -9999 -9999 -9999 -9999 -9999 10797 10798 10799 10800 10801 10802 -9999 -9999 -9999 -9999 -9999 -9999 -9999 -9999 -9999 -9999 -9999 -9999 -9999 -9999 -9999 -9999 -9999 -9999 -9999 -9999 -9999 -9999 -9999 -9999 -9999 -9999 -9999 -9999 -9999 -9999 -9999 -9999 -9999 -9999 -9999 -9999 -9999 -9999 -9999 -9999 -9999 
-9999 -9999 -9999 -9999 -9999 -9999 10915 10916 10917 10918 10919 10920 -9999 -9999 -9999 -9999 -9999 -9999 -9999 -9999 -9999 -9999 -9999 -9999 -9999 -9999 -9999 -9999 -9999 -9999 -9999 -9999 -9999 -9999 -9999 -9999 -9999 -9999 -9999 -9999 -9999 -9999 -9999 -9999 -9999 -9999 -9999 -9999 -9999 -9999 -9999 -9999 -9999 
-9999 -9999 -9999 -9999 -9999 -9999 -9999 11036 11037 11038 11039 11040 -9999 -9999 -9999 -9999 -9999 -9999 -9999 -9999 -9999 -9999 -9999 -9999 -9999 -9999 -9999 -9999 -9999 -9999 -9999 -9999 -9999 -9999 -9999 -9999 -9999 -9999 -9999 -9999 -9999 -9999 -9999 -9999 -9999 -9999 -9999 -9999 -9999 -9999 -9999 -9999 -9999 
-9999 -9999 -9999 -9999 -9999 -9999 -9999 11158 11159 11160 11161 -9999 -9999 -9999 -9999 -9999 -9999 -9999 -9999 -9999 -9999 -9999 -9999 -9999 -9999 -9999 -9999 -9999 -9999 -9999 -9999 -9999 -9999 -9999 -9999 -9999 -9999 -9999 -9999 -9999 -9999 -9999 -9999 -9999 -9999 -9999 -9999 -9999 -9999 -9999 -9999 -9999 -9999 
-9999 -9999 -9999 -9999 -9999 -9999 -9999 11278 11279 11280 11281 -9999 -9999 -9999 -9999 -9999 -9999 -9999 -9999 -9999 -9999 -9999 -9999 -9999 -9999 -9999 -9999 -9999 -9999 -9999 -9999 -9999 -9999 -9999 -9999 -9999 -9999 -9999 -9999 -9999 -9999 -9999 -9999 -9999 -9999 -9999 -9999 -9999 -9999 -9999 -9999 -9999 -9999 
-9999 -9999 -9999 -9999 -9999 -9999 -9999 -9999 11401 11402 11403 -9999 -9999 -9999 -9999 -9999 -9999 -9999 -9999 -9999 -9999 -9999 -9999 -9999 -9999 -9999 -9999 -9999 -9999 -9999 -9999 -9999 -9999 -9999 -9999 -9999 -9999 -9999 -9999 -9999 -9999 -9999 -9999 -9999 -9999 -9999 -9999 -9999 -9999 -9999 -9999 -9999 -9999 
-9999 -9999 -9999 -9999 -9999 -9999 -9999 -9999 11522 11523 11524 -9999 -9999 -9999 -9999 -9999 -9999 -9999 -9999 -9999 -9999 -9999 -9999 -9999 -9999 -9999 -9999 -9999 -9999 -9999 -9999 -9999 -9999 -9999 -9999 -9999 -9999 -9999 -9999 -9999 -9999 -9999 -9999 -9999 -9999 -9999 -9999 -9999 -9999 -9999 -9999 -9999 -9999 
-9999 -9999 -9999 -9999 -9999 -9999 -9999 -9999 -9999 11637 11638 -9999 -9999 -9999 -9999 -9999 -9999 -9999 -9999 -9999 -9999 -9999 -9999 -9999 -9999 -9999 -9999 -9999 -9999 -9999 -9999 -9999 -9999 -9999 -9999 -9999 -9999 -9999 -9999 -9999 -9999 -9999 -9999 -9999 -9999 -9999 -9999 -9999 -9999 -9999 -9999 -9999 -9999 
